A = corrcoef(c,y)

A =

    1.0000    0.1780
    0.1780    1.0000

>> A = corrcoef(x2,y)

A =

    1.0000    0.1780
    0.1780    1.0000

>> A = corrcoef(x1,y)

A =

    1.0000    0.4837
    0.4837    1.0000

>> A = corrcoef(x3,y)

A =

    1.0000   -0.6447
   -0.6447    1.0000

>> A = corrcoef(area,t)

A =

    1.0000    0.5328
    0.5328    1.0000

>> A = corrcoef(agents,t)

A =

    1.0000   -0.5870
   -0.5870    1.0000
